10 0.041 0.019 0.024
20 0.039 0.017 0.021
30 0.035 0.017 0.021
40 0.035 0.025 0.031
50 0.041 0.017 0.038
60 0.031 0.012 0.028
70 0.033 0.017 0.033
80 0.034 0.014 0.032
90 0.033 0.015 0.033
100 0.04 0.013 0.047
110 0.042 0.016 0.052
120 0.04 0.013 0.049
130 0.04 0.013 0.05
140 0.039 0.013 0.047
150 0.039 0.013 0.049
160 0.04 0.013 0.049
170 0.04 0.014 0.049
180 0.039 0.013 0.048
190 0.041 0.013 0.047
200 0.053 0.012 0.083
210 0.062 0.013 0.089
220 0.245 0.017 0.242
230 0.102 0.012 0.11
240 0.052 0.01 0.077
250 0.059 0.01 0.091
260 0.052 0.009 0.068
270 0.046 0.01 0.069
280 0.047 0.014 0.092
290 0.055 0.012 0.081
300 0.053 0.011 0.082
310 0.056 0.012 0.098
320 0.054 0.012 0.081
330 0.053 0.012 0.081
340 0.053 0.012 0.084
350 0.06 0.012 0.086
360 0.053 0.011 0.08
370 0.052 0.011 0.083
380 0.055 0.012 0.081
390 0.065 0.011 0.108
400 0.095 0.191 0.318
410 0.097 0.009 0.137
420 0.073 0.009 0.12
430 0.071 0.01 0.12
440 0.07 0.01 0.147
450 0.084 0.011 0.15
460 0.089 0.099 0.274
470 0.098 0.009 0.137
480 0.068 0.008 0.119
490 0.069 0.011 0.15
500 0.127 0.011 0.147
510 0.085 0.01 0.13
520 0.079 0.013 0.166
530 0.085 0.011 0.152
540 0.085 0.01 0.165
550 0.087 0.011 0.149
560 0.085 0.011 0.152
570 0.094 0.01 0.352
580 0.099 0.009 0.151
590 0.073 0.007 0.123
600 0.069 0.009 0.15
610 0.086 0.009 0.146
620 0.096 0.011 0.153
630 0.086 0.011 0.162
640 0.088 0.011 0.15
650 0.088 0.01 0.152
660 0.09 0.011 0.149
670 0.084 0.01 0.15
680 0.084 0.011 0.338
690 0.206 0.012 0.164
700 0.09 0.012 0.163
710 0.08 0.009 0.122
720 0.071 0.01 0.139
730 0.073 0.011 0.147
740 0.096 0.014 0.178
750 0.077 0.008 0.163
760 0.094 0.012 0.216
770 0.096 0.011 0.157
780 0.093 0.011 0.176
790 0.174 0.009 0.547
800 0.219 0.009 0.267
810 0.148 0.006 0.23
820 0.111 0.006 0.274
830 0.153 0.01 0.302
840 0.165 0.01 0.334
850 0.16 0.01 0.303
860 0.172 0.01 0.556
870 0.194 0.009 0.274
880 0.156 0.011 0.464
890 0.217 0.014 0.279
900 0.132 0.008 0.258
910 0.146 0.009 0.292
920 0.181 0.013 0.388
930 0.205 0.011 0.285
940 0.154 0.009 0.292
950 0.151 0.009 0.292
960 0.162 0.01 0.301
970 0.17 0.011 0.29
980 0.349 0.011 0.378
990 0.154 0.008 0.256
