0 0 0
10 0 0
20 0 0
30 0 0
40 0 0
50 0 0
60 0 0
70 0 0
80 0 0
90 0 0
100 0 0
110 0 0
120 0 0
130 0 0
140 0 0
150 0 0
160 0 0
170 0 0
180 0 0
190 0 0
200 0 0
210 0 0
220 0 0
230 0 0
240 0 0
250 0 0
260 0 0.002
270 0 0
280 0 0
290 0 0
300 0 0
310 0 0
320 0 0
330 0.001 0
340 0 0
350 0 0.001
360 0 0
370 0 0
380 0 0
390 0 0
400 0 0
410 0 0
420 0 0
430 0 0
440 0.001 0
450 0 0
460 0 0
470 0 0
480 0 0
490 0 0.001
500 0.001 0
510 0 0
520 0.001 0
530 0 0
540 0 0
550 0 0.001
560 0 0
570 0.001 0
580 0.001 0.001
590 0 0.001
600 0 0
610 0 0
620 0 0.001
630 0 0
640 0.001 0
650 0 0.001
660 0 0
670 0.001 0
680 0 0.019
690 0.001 0
700 0.002 0
710 0 0.001
720 0 0
730 0 0.001
740 0 0.001
750 0.001 0
760 0.001 0
770 0.001 0
780 0 0.001
790 0 0
800 0 0
810 0 0
820 0 0
830 0 0
840 0 0
850 0 0
860 0 0.001
870 0 0.001
880 0 0.001
890 0 0.001
900 0.005 0.001
910 0 0.001
920 0.001 0
930 0 0.001
940 0.001 0.001
950 0.001 0
960 0 0.001
970 0.001 0.001
980 0.001 0
990 0.001 0
1000 0.001 0.003
1010 0.001 0.001
1020 0.001 0
1030 0.001 0
1040 0 0
1050 0 0
1060 0 0
1070 0 0
1080 0 0
1090 0.001 0.001
1100 0 0.001
1110 0.001 0
1120 0.001 0
1130 0.001 0
1140 0.001 0
1150 0.001 0
1160 0.001 0
1170 0.001 0
1180 0.001 0
1190 0.001 0
1200 0.001 0
1210 0 0
1220 0 0
1230 0 0.001
1240 0.001 0.001
1250 0 0.001
1260 0.001 0
1270 0.001 0
1280 0.001 0
1290 0 0.001
1300 0 0.001
1310 0 0.001
1320 0.001 0
1330 0.001 0
1340 0 0.001
1350 0 0.001
1360 0.001 0
1370 0 0.001
1380 0.001 0
1390 0.001 0
1400 0 0.001
1410 0 0.001
1420 0.001 0
1430 0.001 0
1440 0 0.001
1450 0.001 0
1460 0.001 0
1470 0 0.001
1480 0 0.001
1490 0.001 0.001
1500 0 0.001
1510 0.001 0
1520 0 0.001
1530 0.001 0
1540 0.001 0.001
1550 0 0.001
1560 0.001 0
1570 0 0.001
1580 0.001 0
1590 0.001 0.001
1600 0 0.003
1610 0.001 0.001
1620 0.001 0.001
1630 0.001 0.001
1640 0.002 0
1650 0.001 0
1660 0.001 0
1670 0.001 0.001
1680 0.001 0.001
1690 0.001 0.001
1700 0.001 0.001
1710 0.001 0.001
1720 0.001 0.001
1730 0.001 0.001
1740 0.001 0.001
1750 0.001 0.001
1760 0 0.001
1770 0.001 0.001
1780 0.001 0
1790 0 0.001
1800 0.001 0.001
1810 0.001 0
1820 0 0.001
1830 0.001 0.001
1840 0.001 0
1850 0 0.001
1860 0 0.001
1870 0.001 0.001
1880 0.001 0.001
1890 0.001 0.001
1900 0.001 0.001
1910 0.001 0.001
1920 0.001 0.001
1930 0.001 0
1940 0.001 0.001
1950 0.001 0.001
1960 0.001 0.001
1970 0.001 0.001
1980 0.001 0
1990 0.001 0.001
2000 0.001 0.001
2010 0.001 0.001
2020 0.001 0
2030 0 0.001
2040 0.001 0.001
2050 0.001 0.001
2060 0.001 0.001
2070 0.001 0.001
2080 0.001 0.001
2090 0.001 0.001
2100 0.001 0.001
2110 0.001 0.002
2120 0.01 0.013
2130 0.002 0.002
2140 0.002 0.001
2150 0.002 0.002
2160 0.002 0.002
2170 0.001 0.001
2180 0.003 0.002
2190 0.001 0.002
2200 0.002 0.001
2210 0.006 0.003
2220 0.006 0.002
2230 0.001 0.002
2240 0.002 0.003
2250 0.002 0.002
2260 0.003 0.002
2270 0.007 0.002
2280 0.004 0.002
2290 0.005 0.002
2300 0.002 0.001
2310 0.002 0.001
2320 0.002 0.001
2330 0.002 0.001
2340 0.002 0.001
2350 0.013 0.006
2360 0.002 0.001
2370 0.002 0.001
2380 0.002 0.001
2390 0.001 0.001
2400 0.001 0.003
2410 0.001 0.001
2420 0.002 0.001
2430 0.002 0.001
2440 0.001 0.001
2450 0.004 0.001
2460 0.001 0.001
2470 0.003 0.004
2480 0.002 0.003
2490 0.002 0.002
2500 0.002 0.002
2510 0.003 0.002
2520 0.002 0.001
2530 0.001 0.002
2540 0.001 0.001
2550 0.002 0.001
2560 0.001 0.002
2570 0.001 0.001
2580 0.002 0.006
2590 0.005 0.001
2600 0.001 0.002
2610 0.001 0.001
2620 0.001 0.002
2630 0.001 0.001
2640 0.002 0.002
2650 0.002 0.002
2660 0.002 0.002
2670 0.002 0.002
2680 0.001 0.002
2690 0.002 0.002
2700 0.003 0.003
2710 0.003 0.002
2720 0.002 0.001
2730 0.001 0.001
2740 0.001 0.001
2750 0.002 0.002
2760 0.004 0.002
2770 0.003 0.004
2780 0.001 0.003
2790 0.002 0.004
2800 0.002 0.002
2810 0.003 0.007
2820 0.005 0.001
2830 0.002 0.002
2840 0.001 0.002
2850 0.001 0.002
2860 0.002 0.002
2870 0.003 0.002
2880 0.001 0.002
2890 0.001 0.001
2900 0.001 0.002
2910 0.001 0.003
2920 0.002 0.004
2930 0.001 0.002
2940 0.002 0.001
2950 0.001 0.002
2960 0.001 0.002
2970 0.001 0.002
2980 0.001 0.002
2990 0.002 0.001
3000 0.002 0.001
3010 0.001 0.001
3020 0.001 0.001
3030 0.001 0.001
3040 0.001 0.002
3050 0.001 0.001
3060 0.001 0.002
3070 0.001 0.001
3080 0.001 0.001
3090 0.001 0.001
3100 0.002 0.001
3110 0.002 0.001
3120 0.002 0.001
3130 0.001 0.001
3140 0.002 0.001
3150 0.001 0.001
3160 0.001 0.002
3170 0.001 0.002
3180 0.001 0.001
3190 0.001 0.001
3200 0.001 0.001
3210 0.001 0.002
3220 0.001 0.002
3230 0.001 0.002
3240 0.001 0.001
3250 0.001 0.001
3260 0.001 0.001
3270 0.001 0.001
3280 0.002 0.001
3290 0.001 0.001
3300 0.002 0.001
3310 0.001 0.002
3320 0.001 0.001
3330 0.001 0.001
3340 0.002 0.001
3350 0.001 0.001
3360 0.001 0.002
3370 0.001 0.002
3380 0.001 0.002
3390 0.002 0.001
3400 0.001 0.001
3410 0.002 0.001
3420 0.002 0.001
3430 0.001 0.002
3440 0.001 0.001
3450 0.001 0.001
3460 0.001 0.001
3470 0.002 0.001
3480 0.001 0.002
3490 0.001 0.001
3500 0.001 0.001
3510 0.001 0.001
3520 0.001 0.002
3530 0.002 0.002
3540 0.001 0.002
3550 0.001 0.002
3560 0.002 0.001
3570 0.002 0.001
3580 0.002 0.001
3590 0.002 0.001
3600 0.001 0.002
3610 0.002 0.001
3620 0.002 0.001
3630 0.002 0.001
3640 0.002 0.001
3650 0.002 0.001
3660 0.002 0.001
3670 0.001 0.002
3680 0.001 0.002
3690 0.001 0.002
3700 0.001 0.002
3710 0.001 0.002
3720 0.001 0.002
3730 0.001 0.002
3740 0.001 0.002
3750 0.001 0.002
3760 0.001 0.002
3770 0.001 0.002
3780 0.002 0.001
3790 0.002 0.001
3800 0.002 0.001
3810 0.002 0.001
3820 0.002 0.001
3830 0.001 0.001
3840 0.001 0.001
3850 0.001 0.002
3860 0.001 0.002
3870 0.001 0.002
3880 0.001 0.002
3890 0.002 0.001
3900 0.002 0.001
3910 0.002 0.001
3920 0.001 0.001
3930 0.001 0.002
3940 0.001 0.002
3950 0.002 0.001
3960 0.002 0.001
3970 0.001 0.001
3980 0.001 0.002
3990 0.001 0.002
4000 0.002 0.001
4010 0.002 0.001
4020 0.001 0.002
4030 0.001 0.002
4040 0.002 0.001
4050 0.001 0.002
4060 0.001 0.002
4070 0.002 0.001
4080 0.001 0.002
4090 0.001 0.002
4100 0.002 0.001
4110 0.001 0.002
4120 0.001 0.002
4130 0.002 0.001
4140 0.001 0.002
4150 0.002 0.001
4160 0.001 0.002
4170 0.002 0.001
4180 0.001 0.003
4190 0.003 0.002
4200 0.003 0.002
4210 0.002 0.005
4220 0.004 0.002
4230 0.003 0.003
4240 0.002 0.003
4250 0.003 0.002
4260 0.002 0.002
4270 0.003 0.002
4280 0.003 0.002
4290 0.003 0.002
4300 0.003 0.002
4310 0.002 0.002
4320 0.003 0.003
4330 0.003 0.002
4340 0.003 0.003
4350 0.002 0.003
4360 0.003 0.002
4370 0.002 0.003
4380 0.002 0.003
4390 0.002 0.003
4400 0.003 0.002
4410 0.003 0.002
4420 0.002 0.001
4430 0.002 0.002
4440 0.002 0.002
4450 0.003 0.002
4460 0.002 0.003
4470 0.003 0.002
4480 0.004 0.003
4490 0.002 0.003
4500 0.003 0.003
4510 0.002 0.003
4520 0.002 0.003
4530 0.003 0.002
4540 0.002 0.002
4550 0.002 0.002
4560 0.002 0.001
4570 0.001 0.003
4580 0.002 0.003
4590 0.004 0.003
4600 0.003 0.003
4610 0.003 0.002
4620 0.002 0.003
4630 0.002 0.003
4640 0.003 0.003
4650 0.003 0.003
4660 0.003 0.003
4670 0.003 0.002
4680 0.002 0.002
4690 0.002 0.002
4700 0.002 0.002
4710 0.002 0.001
4720 0.002 0.001
4730 0.002 0.001
4740 0.002 0.001
4750 0.002 0.001
4760 0.001 0.002
4770 0.001 0.002
4780 0.001 0.002
4790 0.001 0.002
4800 0.001 0.002
4810 0.002 0.002
4820 0.002 0.002
4830 0.002 0.002
4840 0.002 0.002
4850 0.002 0.002
4860 0.002 0.002
4870 0.002 0.002
4880 0.002 0.002
4890 0.002 0.002
4900 0.002 0.002
4910 0.002 0.002
4920 0.002 0.002
4930 0.003 0.002
4940 0.003 0.002
4950 0.003 0.002
4960 0.003 0.002
4970 0.003 0.002
4980 0.003 0.002
4990 0.002 0.002
5000 0.002 0.002
5010 0.002 0.003
5020 0.003 0.002
5030 0.002 0.002
5040 0.002 0.002
5050 0.002 0.002
5060 0.002 0.003
5070 0.003 0.002
5080 0.003 0.002
5090 0.003 0.002
5100 0.002 0.002
5110 0.002 0.002
5120 0.002 0.003
5130 0.002 0.002
5140 0.003 0.003
5150 0.002 0.002
5160 0.002 0.002
5170 0.002 0.003
5180 0.003 0.002
5190 0.002 0.002
5200 0.002 0.003
5210 0.002 0.003
5220 0.003 0.002
5230 0.002 0.003
5240 0.003 0.002
5250 0.003 0.003
5260 0.003 0.003
5270 0.003 0.002
5280 0.002 0.002
5290 0.002 0.003
5300 0.003 0.002
5310 0.002 0.003
5320 0.003 0.003
5330 0.003 0.002
5340 0.003 0.002
5350 0.002 0.004
5360 0.003 0.002
5370 0.003 0.002
5380 0.003 0.002
5390 0.003 0.003
5400 0.003 0.002
5410 0.002 0.002
5420 0.003 0.002
5430 0.002 0.003
5440 0.003 0.002
5450 0.002 0.003
5460 0.003 0.003
5470 0.003 0.002
5480 0.002 0.003
5490 0.003 0.002
5500 0.003 0.002
5510 0.002 0.003
5520 0.003 0.002
5530 0.002 0.003
5540 0.002 0.003
5550 0.003 0.002
5560 0.003 0.002
5570 0.002 0.003
5580 0.002 0.003
5590 0.003 0.003
5600 0.003 0.002
5610 0.003 0.002
5620 0.002 0.003
5630 0.003 0.003
5640 0.003 0.002
5650 0.003 0.002
5660 0.002 0.003
5670 0.003 0.003
5680 0.003 0.003
5690 0.003 0.003
5700 0.002 0.003
5710 0.002 0.003
5720 0.003 0.003
5730 0.003 0.003
5740 0.003 0.003
5750 0.003 0.002
5760 0.003 0.002
5770 0.003 0.002
5780 0.002 0.003
5790 0.002 0.003
5800 0.002 0.003
5810 0.002 0.003
5820 0.002 0.003
5830 0.002 0.003
5840 0.003 0.002
5850 0.003 0.002
5860 0.003 0.002
5870 0.003 0.002
5880 0.003 0.002
5890 0.003 0.003
5900 0.003 0.003
5910 0.003 0.003
5920 0.003 0.003
5930 0.003 0.003
5940 0.002 0.003
5950 0.003 0.002
5960 0.003 0.002
5970 0.003 0.003
5980 0.003 0.003
5990 0.003 0.003
6000 0.01 0.004
6010 0.004 0.004
6020 0.003 0.004
6030 0.003 0.003
6040 0.003 0.003
6050 0.002 0.003
6060 0.003 0.003
6070 0.003 0.003
6080 0.002 0.003
6090 0.003 0.003
6100 0.003 0.004
6110 0.003 0.004
6120 0.004 0.002
6130 0.004 0.003
6140 0.003 0.003
6150 0.004 0.002
6160 0.003 0.003
6170 0.002 0.003
6180 0.002 0.003
6190 0.003 0.003
6200 0.003 0.003
6210 0.003 0.003
6220 0.004 0.004
6230 0.003 0.003
6240 0.003 0.002
6250 0.003 0.003
6260 0.003 0.003
6270 0.003 0.003
6280 0.003 0.003
6290 0.003 0.003
6300 0.003 0.003
6310 0.003 0.003
6320 0.003 0.003
6330 0.003 0.004
6340 0.004 0.002
6350 0.003 0.003
6360 0.003 0.003
6370 0.002 0.003
6380 0.003 0.003
6390 0.003 0.003
6400 0.003 0.003
6410 0.003 0.003
6420 0.003 0.003
6430 0.003 0.003
6440 0.003 0.003
6450 0.003 0.003
6460 0.003 0.003
6470 0.003 0.003
6480 0.003 0.003
6490 0.003 0.003
6500 0.003 0.003
6510 0.003 0.003
6520 0.003 0.003
6530 0.004 0.003
6540 0.003 0.003
6550 0.003 0.003
6560 0.003 0.003
6570 0.003 0.003
6580 0.003 0.003
6590 0.003 0.003
6600 0.004 0.003
6610 0.004 0.003
6620 0.003 0.003
6630 0.003 0.004
6640 0.003 0.004
6650 0.003 0.004
6660 0.003 0.003
6670 0.003 0.004
6680 0.004 0.003
6690 0.004 0.004
6700 0.004 0.003
6710 0.004 0.003
6720 0.004 0.003
6730 0.003 0.003
6740 0.003 0.004
6750 0.004 0.003
6760 0.004 0.003
6770 0.003 0.003
6780 0.003 0.003
6790 0.003 0.004
6800 0.003 0.003
6810 0.004 0.003
6820 0.003 0.003
6830 0.003 0.004
6840 0.003 0.003
6850 0.003 0.003
6860 0.003 0.004
6870 0.004 0.003
6880 0.004 0.003
6890 0.003 0.003
6900 0.004 0.003
6910 0.003 0.003
6920 0.003 0.004
6930 0.004 0.003
6940 0.003 0.003
6950 0.003 0.004
6960 0.003 0.004
6970 0.004 0.003
6980 0.003 0.003
6990 0.004 0.003
7000 0.003 0.003
7010 0.003 0.004
7020 0.003 0.003
7030 0.003 0.004
7040 0.004 0.003
7050 0.003 0.004
7060 0.003 0.003
7070 0.003 0.004
7080 0.003 0.003
7090 0.003 0.004
7100 0.002 0.004
7110 0.004 0.002
7120 0.004 0.004
7130 0.004 0.002
7140 0.004 0.003
7150 0.004 0.003
7160 0.003 0.004
7170 0.004 0.003
7180 0.004 0.003
7190 0.004 0.003
7200 0.003 0.004
7210 0.005 0.003
7220 0.003 0.004
7230 0.003 0.004
7240 0.003 0.004
7250 0.004 0.003
7260 0.004 0.003
7270 0.004 0.003
7280 0.003 0.003
7290 0.004 0.003
7300 0.004 0.004
7310 0.004 0.003
7320 0.004 0.003
7330 0.003 0.004
7340 0.004 0.004
7350 0.004 0.004
7360 0.004 0.004
7370 0.004 0.003
7380 0.004 0.003
7390 0.004 0.003
7400 0.004 0.003
7410 0.003 0.004
7420 0.003 0.004
7430 0.004 0.004
7440 0.004 0.004
7450 0.003 0.004
7460 0.003 0.005
7470 0.004 0.004
7480 0.004 0.004
7490 0.004 0.003
7500 0.004 0.003
7510 0.004 0.003
7520 0.004 0.004
7530 0.004 0.004
7540 0.003 0.004
7550 0.004 0.004
7560 0.004 0.004
7570 0.003 0.004
7580 0.004 0.004
7590 0.003 0.004
7600 0.004 0.004
7610 0.004 0.003
7620 0.004 0.004
7630 0.004 0.003
7640 0.004 0.004
7650 0.003 0.004
7660 0.004 0.005
7670 0.004 0.003
7680 0.004 0.004
7690 0.004 0.004
7700 0.004 0.003
7710 0.004 0.003
7720 0.005 0.004
7730 0.005 0.004
7740 0.004 0.004
7750 0.004 0.003
7760 0.004 0.004
7770 0.004 0.004
7780 0.004 0.003
7790 0.004 0.004
7800 0.003 0.005
7810 0.004 0.004
7820 0.004 0.004
7830 0.003 0.004
7840 0.004 0.004
7850 0.004 0.004
7860 0.003 0.004
7870 0.004 0.004
7880 0.004 0.004
7890 0.004 0.003
7900 0.004 0.004
7910 0.004 0.004
7920 0.004 0.004
7930 0.004 0.004
7940 0.004 0.004
7950 0.005 0.003
7960 0.004 0.004
7970 0.004 0.003
7980 0.004 0.004
7990 0.004 0.003
8000 0.004 0.004
8010 0.004 0.004
8020 0.004 0.004
8030 0.004 0.004
8040 0.004 0.005
8050 0.004 0.005
8060 0.005 0.004
8070 0.004 0.005
8080 0.004 0.004
8090 0.004 0.004
8100 0.004 0.004
8110 0.004 0.004
8120 0.004 0.004
8130 0.004 0.004
8140 0.004 0.003
8150 0.004 0.005
8160 0.004 0.004
8170 0.004 0.004
8180 0.004 0.004
8190 0.004 0.005
8200 0.003 0.004
8210 0.005 0.004
8220 0.004 0.003
8230 0.004 0.004
8240 0.004 0.005
8250 0.012 0.101
8260 0.03 0.011
8270 0.029 0.012
8280 0.011 0.005
8290 0.011 0.004
8300 0.015 0.025
8310 0.005 0.009
8320 0.015 0.02
8330 0.014 0.021
8340 0.008 0.006
8350 0.005 0.005
8360 0.005 0.008
8370 0.009 0.006
8380 0.004 0.005
8390 0.004 0.005
8400 0.004 0.006
8410 0.007 0.006
8420 0.005 0.005
8430 0.004 0.005
8440 0.005 0.004
8450 0.004 0.004
8460 0.003 0.004
8470 0.004 0.003
8480 0.004 0.004
8490 0.004 0.004
8500 0.004 0.003
8510 0.004 0.003
8520 0.004 0.004
8530 0.004 0.003
8540 0.004 0.003
8550 0.004 0.003
8560 0.003 0.004
8570 0.003 0.004
8580 0.004 0.003
8590 0.004 0.003
8600 0.004 0.003
8610 0.003 0.004
8620 0.004 0.004
8630 0.003 0.004
8640 0.004 0.003
8650 0.003 0.004
8660 0.003 0.003
8670 0.004 0.003
8680 0.003 0.004
8690 0.003 0.003
8700 0.004 0.003
8710 0.003 0.004
8720 0.004 0.003
8730 0.004 0.003
8740 0.003 0.004
8750 0.004 0.003
8760 0.004 0.003
8770 0.003 0.004
8780 0.004 0.004
8790 0.004 0.003
8800 0.004 0.003
8810 0.006 0.005
8820 0.005 0.005
8830 0.006 0.005
8840 0.005 0.005
8850 0.006 0.005
8860 0.005 0.006
8870 0.005 0.006
8880 0.006 0.005
8890 0.005 0.005
8900 0.005 0.006
8910 0.005 0.005
8920 0.005 0.005
8930 0.004 0.006
8940 0.007 0.007
8950 0.006 0.005
8960 0.006 0.005
8970 0.006 0.004
8980 0.004 0.004
8990 0.003 0.006
9000 0.005 0.005
9010 0.005 0.004
9020 0.003 0.004
9030 0.004 0.004
9040 0.004 0.004
9050 0.004 0.004
9060 0.004 0.004
9070 0.004 0.005
9080 0.006 0.005
9090 0.005 0.006
9100 0.005 0.004
9110 0.005 0.004
9120 0.005 0.004
9130 0.004 0.005
9140 0.005 0.004
9150 0.005 0.004
9160 0.005 0.004
9170 0.005 0.004
9180 0.005 0.004
9190 0.005 0.004
9200 0.005 0.004
9210 0.005 0.004
9220 0.004 0.004
9230 0.005 0.005
9240 0.004 0.005
9250 0.004 0.005
9260 0.004 0.005
9270 0.004 0.005
9280 0.005 0.004
9290 0.004 0.005
9300 0.005 0.004
9310 0.005 0.004
9320 0.005 0.004
9330 0.005 0.005
9340 0.005 0.005
9350 0.004 0.005
9360 0.005 0.004
9370 0.005 0.004
9380 0.005 0.005
9390 0.004 0.005
9400 0.004 0.005
9410 0.004 0.005
9420 0.004 0.005
9430 0.005 0.004
9440 0.005 0.005
9450 0.004 0.005
9460 0.005 0.004
9470 0.005 0.004
9480 0.005 0.005
9490 0.005 0.005
9500 0.005 0.004
9510 0.004 0.005
9520 0.005 0.005
9530 0.005 0.004
9540 0.005 0.005
9550 0.004 0.005
9560 0.005 0.005
9570 0.005 0.005
9580 0.005 0.004
9590 0.007 0.004
9600 0.006 0.006
9610 0.007 0.006
9620 0.005 0.005
9630 0.006 0.004
9640 0.005 0.004
9650 0.005 0.005
9660 0.006 0.023
9670 0.035 0.01
9680 0.012 0.008
9690 0.01 0.007
9700 0.009 0.017
9710 0.009 0.006
9720 0.008 0.006
9730 0.004 0.005
9740 0.006 0.006
9750 0.005 0.005
9760 0.005 0.005
9770 0.007 0.006
9780 0.006 0.005
9790 0.006 0.006
9800 0.005 0.006
9810 0.006 0.005
9820 0.007 0.006
9830 0.005 0.006
9840 0.005 0.004
9850 0.004 0.004
9860 0.005 0.005
9870 0.009 0.004
9880 0.004 0.004
9890 0.004 0.004
9900 0.004 0.005
9910 0.004 0.004
9920 0.004 0.005
9930 0.004 0.004
9940 0.004 0.004
9950 0.004 0.004
9960 0.004 0.004
9970 0.005 0.003
9980 0.003 0.005
9990 0.004 0.004
10000 0.004 0.004
