0 190
1 50
2 70
3 60
4 60
5 90
6 90
7 90
8 90
9 100
10 110
11 110
12 110
13 120
14 120
15 120
16 130
17 130
18 140
19 140
20 150
21 150
22 150
23 160
24 160
25 170
26 170
27 170
28 180
29 180
30 180
31 210
32 260
33 210
34 210
35 240
36 260
37 240
38 290
39 260
40 260
41 290
42 260
43 260
44 270
45 280
46 330
47 280
48 280
49 290
50 340
51 290
52 290
53 280
54 280
55 290
56 290
57 300
58 310
59 300
60 300
61 300
62 310
63 310
64 310
65 310
66 310
67 320
68 320
69 330
70 339
71 340
72 350
73 350
74 360
75 360
76 360
77 370
78 380
79 380
80 390
81 410
82 390
83 400
84 400
85 410
86 410
87 420
88 420
89 420
90 430
91 430
92 430
93 440
94 450
95 450
96 450
97 460
98 460
99 470
