0 21029
1 9300
2 230
3 140
4 130
5 120
6 120
7 120
8 120
9 120
10 120
11 120
12 130
13 130
14 120
15 110
16 120
17 130
18 110
19 110
20 120
21 130
22 130
23 120
24 110
25 120
26 130
27 120
28 110
29 120
30 110
31 120
32 200
33 120
34 110
35 130
36 130
37 120
38 120
39 120
40 110
41 110
42 120
43 120
44 120
45 120
46 120
47 120
48 120
49 120
50 120
51 120
52 120
53 110
54 120
55 120
56 120
57 120
58 120
59 110
60 120
61 120
62 110
63 120
64 110
65 120
66 120
67 120
68 110
69 120
70 120
71 120
72 110
73 110
74 120
75 120
76 120
77 120
78 120
79 120
80 110
81 120
82 120
83 120
84 120
85 110
86 120
87 120
88 110
89 120
90 110
91 120
92 120
93 140
94 120
95 120
96 120
97 120
98 120
99 110
