0 420
1 140
2 60
3 100
4 100
5 110
6 110
7 130
8 130
9 170
10 170
11 170
12 210
13 210
14 220
15 220
16 240
17 240
18 280
19 270
20 270
21 320
22 310
23 310
24 320
25 330
26 460
27 380
28 370
29 380
30 430
31 400
32 420
33 440
34 440
35 550
36 540
37 500
38 490
39 530
40 500
41 540
42 520
43 530
44 540
45 570
46 540
47 560
48 580
49 590
50 610
51 630
52 650
53 660
54 660
55 700
56 760
57 680
58 690
59 720
60 740
61 720
62 730
63 770
64 800
65 790
66 820
67 790
68 810
69 800
70 830
71 800
72 800
73 820
74 820
75 840
76 850
77 860
78 870
79 880
80 880
81 890
82 910
83 920
84 930
85 940
86 950
87 960
88 980
89 1000
90 1000
91 1010
92 1030
93 1030
94 1030
95 1070
96 1060
97 1070
98 1080
99 1090
